,Spine_Distances,Spine1_Distances,Spine2_Distances,Spine3_Distances,LeftShoulder_Distances,LeftArm_Distances,LeftForeArm_Distances,LeftHand_Distances,RightShoulder_Distances,RightArm_Distances,RightForeArm_Distances,RightHand_Distances,Neck_Distances,Neck1_Distances,Head_Distances
0,0.0,0.019014935749809725,0.019026102642409348,0.02130666338897861,0.04037765730311884,0.04038371216415398,0.04377383911881685,0.06382450731783203,0.06385759419160891,0.06668108973759784,0.08537498650442779,0.08534565136004266,0.08650075491583378,0.09572052518916134,0.16311724444359185
1,0.0,0.007827928942237161,0.007831613146073361,0.009875235411580972,0.0170548769039165,0.01705348681120893,0.020594809201569766,0.027645468600264532,0.02765058440335744,0.029855795512566733,0.034737979295687386,0.03473385384812961,0.0350230478091728,0.04204503412365375,0.10908419313588827
2,0.0,0.003049553582139375,0.003051224775598351,0.003185550471854923,0.0069916780426938,0.006998886360321514,0.006958201810514563,0.011622383262495968,0.011628602031330785,0.012375349824246777,0.022459779144063448,0.022854647289899208,0.024811883438960118,0.02067544741108142,0.06337842152693195
3,0.0,0.014038356937307594,0.014045680898109201,0.01672932653115917,0.031639475931984594,0.03164319267256538,0.0348463793880624,0.051586588142412314,0.05160234578330879,0.05751843914274514,0.08336781727490074,0.083916210104339,0.09038466603421941,0.08971038350972012,0.0895427408292912
4,0.0,0.025775608334390188,0.025792227804640404,0.029433726541341063,0.05696879873859468,0.056981126727507776,0.061678696135358514,0.0933572184375951,0.09340419620919208,0.10118605622331536,0.14634926982464094,0.14682387073818745,0.15498790909221205,0.15930731868539078,0.16662506380510916
5,0.0,0.04339032651689828,0.04342704381938768,0.04975802826999386,0.09604077647280798,0.09606471404123607,0.10555661726345074,0.15871148706128432,0.15881205667875464,0.17249811631391876,0.2474604074448532,0.24802503760330336,0.26151659599321425,0.2663171312216027,0.2987171270240713
6,0.0,0.054659894431907885,0.0547241707225954,0.061476280234154156,0.11965470390747143,0.11971070716603457,0.130272625786019,0.19649416619226673,0.19668070171972896,0.21156278051249053,0.30804540096643035,0.3082990088482777,0.32246170342481706,0.32623086740840934,0.3788545840870277
7,0.0,0.07566395487686522,0.07578782034975293,0.08110741184112497,0.16359095841826105,0.16375259937120934,0.172560143643491,0.26747872499358244,0.267907534136355,0.2802558114126455,0.41449165451602415,0.4141642602133208,0.42563016767502065,0.4257238874318499,0.518222283579118
8,0.0,0.088143099407202,0.08834495714589756,0.09307307265779295,0.18890010865173118,0.1891978451796601,0.19741316263645473,0.3072573092242482,0.3079675391283942,0.3193645863150738,0.46983845670350644,0.46923469597923256,0.4800645651011703,0.47598258857253695,0.5967289585082828
9,0.0,0.10107808380119476,0.10139460916515719,0.10501270890812973,0.21608128062048498,0.21660462759344723,0.22339348435085804,0.34993855758230025,0.35108543059431996,0.36010193100043464,0.5421318068160973,0.5415870704537202,0.5495387229189563,0.5261602687044832,0.6900691742319428
10,0.0,0.10055390339336656,0.10096956364635122,0.10323861594707964,0.21354902486451194,0.21428943978909532,0.21879285296595558,0.3447455803524445,0.3462723461591206,0.35221869690610863,0.534813047465895,0.5347327270309674,0.5400049927917913,0.5024158628835959,0.6878332553807008
11,0.0,0.10277042259664437,0.10330643727102778,0.10431595084066088,0.21723694821850512,0.2182544644325151,0.220735586924574,0.3491262673982045,0.3511223462365474,0.3542562272499416,0.5380931444427764,0.5389296837006508,0.5416925129406849,0.48694571554029387,0.6854639868003157
12,0.0,0.08347459710245164,0.08400853730624565,0.08471030176284342,0.1762741311307634,0.17728844938773372,0.17925344149927774,0.28234156653669656,0.28427491013429057,0.28664549065660144,0.44666552380178776,0.4479816545716025,0.4500716273329939,0.3801836622336939,0.5623550170042562
13,0.0,0.0696573446209594,0.0701566625443076,0.07015858129218751,0.1469162178959229,0.1479613454454824,0.14803033580979655,0.23404084123356936,0.2359405663198161,0.23602119845343972,0.37305327815540057,0.3757803518838382,0.37584675114499005,0.3013641207693364,0.4556868625063559
14,0.0,0.057025625296573956,0.05748098597674636,0.05756602947286942,0.11978713602575586,0.12076079123942955,0.1207456180915644,0.1899034368157523,0.19162076185842755,0.1916468668801126,0.3009933305060163,0.30389740887550215,0.30390493433779475,0.23875572187066274,0.36692797894182244
15,0.0,0.042196619687882686,0.04256123205691348,0.042775774029360294,0.08815488760086831,0.08894956095250417,0.08910471593371547,0.13806216029209897,0.13939630936293335,0.13966795263250192,0.218333115874009,0.2208511234952329,0.22094468113118448,0.172065054828533,0.2569395464594223
16,0.0,0.025207389541546554,0.0254472112655211,0.02547028804278684,0.05220613069657014,0.05267635386383959,0.052779279336226594,0.08026696894933424,0.08103611843457972,0.08114325690825928,0.13680173076819174,0.1377470571088627,0.1381346708389848,0.09747730654272949,0.15153428066823352
17,0.0,0.010372092672834565,0.010482196736223902,0.011153618408053212,0.021254342256403793,0.02141995387881138,0.022616518229269373,0.0312566594245777,0.03149404459927198,0.0331921938312946,0.05930174534820614,0.05919277541693496,0.06247433041406097,0.043691532295337426,0.059480452204247906
18,0.0,0.0010712551008733584,0.0010721253435848751,0.010582006472262423,0.0109938880009845,0.011029370591795385,0.022097038341179518,0.023230573251895086,0.0233041238487124,0.03610100675728199,0.03530977565796253,0.037961277426903105,0.05726489504900424,0.05770927116619561,0.059473540036495326
19,0.0,0.008069607377930943,0.008120423922558392,0.013835488211374517,0.02080726861170424,0.021011664671149396,0.028748471728598277,0.037470837394078554,0.03779391277121,0.04761586440571753,0.046251581552492226,0.0504302364872207,0.06844764661616906,0.06920606375431934,0.09309978447216181
20,0.0,0.009368293481787582,0.009427451960266323,0.014981142307881622,0.0230941191251924,0.023313536106804283,0.030537327566004285,0.039926728561605965,0.04025705679383213,0.05001074185062713,0.05042804809994615,0.05474958952375013,0.07239183290502986,0.07073452440629668,0.10361309608256293
21,0.0,0.007172674224684927,0.007210810181615752,0.013201580922804374,0.01882045048383821,0.018978224084771973,0.02623486525760928,0.03239839088011398,0.03261873074240356,0.04279359074136876,0.0436726881528734,0.04761800768111721,0.06478413320811889,0.06202154892139787,0.09245630199090028
22,0.0,0.0039083889054594145,0.00392098971388197,0.01019954168969934,0.01261472164286621,0.012691305134288443,0.01951464409096233,0.02201848491788076,0.02211409481496174,0.03191303414849774,0.03318724107103637,0.036339767793006274,0.05123714032374956,0.04894326452290242,0.06960561352136502
23,0.0,0.0009018884460241239,0.0009026933439347107,0.006664895131327131,0.006939176010950598,0.006950198690392343,0.011895404911590622,0.012175855443179258,0.012189046181752603,0.019659462326185716,0.0212188599664909,0.023307985476391502,0.03343959794195501,0.032420241183832084,0.039014126364853796
24,0.0,0.004077455418216136,0.004111599582424176,0.004256634802696017,0.009968809242778015,0.010056437605865328,0.009999510483379707,0.016620161422208832,0.016794335164764366,0.016792363417451474,0.04030766031932252,0.041225860377683256,0.04126023419170924,0.020591144697480593,0.04070165092480354
25,0.0,0.0035192609911680606,0.0035556467743754986,0.003740528797616305,0.008731375241362822,0.00880132165531766,0.009621118679944696,0.015337487568430116,0.015486105364485761,0.016110401328919954,0.04435878656884016,0.044799689821473206,0.04525739731927305,0.02820310296252345,0.03363998790515916
26,0.0,0.013548291670114843,0.013684738515357295,0.014270761232804567,0.030688073504353004,0.030936004261424656,0.032519127082473585,0.05217528484475307,0.05268409180612963,0.054214829384290786,0.1061652381067214,0.10664309489014114,0.1085055155451401,0.08332077335159062,0.0967307894842694
27,0.0,0.01751710019043684,0.017697907813409918,0.01944227482203673,0.039887948599587386,0.04018387004900158,0.04352037959292369,0.06737410917542956,0.06797501784487404,0.07146992794293296,0.13665941124393707,0.1369111498936699,0.14105957405000907,0.11121435066374509,0.12245289393405613
28,0.0,0.023326231980256518,0.02356593413706824,0.027161115515496707,0.05379613329720218,0.054157633940646877,0.060253352061635464,0.09145355645558396,0.09220399010894724,0.09895219701346804,0.18108713607154797,0.18117985742105855,0.18822334296913293,0.1504989886142687,0.16206444749455753
29,0.0,0.030532083193398618,0.030828540772128692,0.03571880226377488,0.06931004916981537,0.06973696375268609,0.07763198280222575,0.11764177235066828,0.11854306194032273,0.1278319057280598,0.22122069216608342,0.22105366191711426,0.23087005538165387,0.1938702286774059,0.20640580286355747
30,0.0,0.04501445339048282,0.045396662264619456,0.04902606297426482,0.09929515656978756,0.09991238111819722,0.10578682798732562,0.16478738768901333,0.16602268310165785,0.17344223456698352,0.2866632953765594,0.286522708718928,0.29474650441531475,0.2556721325156721,0.2771449571754306
31,0.0,0.04675433887976044,0.04711742706919029,0.051664964237751014,0.10305064002392626,0.1036117791644778,0.11048829792241387,0.17098611056676538,0.17212501618777584,0.18090497873642622,0.2963232696173936,0.2960204470863116,0.3051443746248791,0.2664615994270042,0.2961896926851446
32,0.0,0.059027297490179986,0.0594177331857179,0.06172228372721016,0.1273368188434618,0.12801708723480604,0.13144882282474346,0.20843954957271035,0.2097646382885405,0.2145111729330632,0.33730576953612224,0.3372236296140069,0.3422629495770355,0.307913909199152,0.35903227438795077
33,0.0,0.06379486622688679,0.06416268025930301,0.06691893468889269,0.13647711868597565,0.13709176195873243,0.14129929768340838,0.22239147427694625,0.22360165399517362,0.22926881505985025,0.3456663595750268,0.3453219916560323,0.35111744008105644,0.3219525705751887,0.3880878370299825
34,0.0,0.0636301664382467,0.06394265521441253,0.06640997972104411,0.13512537662945587,0.13564450650832371,0.13942748616785358,0.21882004636477909,0.21984264074740378,0.22498729630654016,0.3339375589348924,0.33357050380028863,0.33859957226505766,0.31341054710097954,0.3884010459949787
35,0.0,0.06346633442215277,0.06372820703532599,0.06564137315498407,0.13408364628313765,0.1345276857190356,0.13748278681542161,0.21654093635278168,0.21742192098617674,0.22136749910541942,0.32450210631405274,0.32422250586790446,0.3277819162648829,0.3059430185429322,0.3961122281927633
36,0.0,0.058969133626917136,0.05917313505144503,0.06078934234774446,0.12408877048930175,0.12443473019002721,0.12694398968263704,0.19974419798004225,0.20043849044703174,0.20375245209963144,0.29228182538202313,0.2920260617245014,0.29481075922598754,0.2798114117291538,0.3744928252933274
37,0.0,0.05485576970957462,0.05501443436964882,0.05620092067604258,0.11525871669930915,0.11553494726167647,0.11739145394549645,0.18549061562539493,0.18605470352271186,0.18834155001243463,0.26911648468644966,0.268981827953854,0.2705966228514179,0.2590576450768081,0.3684554083594781
38,0.0,0.05021157403391352,0.05033295916836403,0.051014416947793705,0.1053509213873604,0.10557352044422677,0.10666790349767223,0.16946373491310696,0.16992309091564523,0.1711406796228599,0.2428428416022164,0.2428604326131935,0.24342988770645488,0.23693962205441904,0.35816854344072385
39,0.0,0.043702431768538386,0.04379162074401552,0.04431967384218521,0.09169372422142404,0.09185806234479361,0.09276276904812403,0.14765896684671612,0.14800925461594874,0.1488647188547946,0.20965846206525962,0.20975543116225032,0.20990232914185725,0.20814403158863073,0.33868203443284906
40,0.0,0.03417341760470871,0.03423336718007823,0.0346240076770496,0.07169330054487225,0.07180097741146967,0.07260348475131992,0.11579908891869367,0.11604013015738807,0.11670560338356042,0.1626593912179098,0.16276705683476297,0.1627389633680821,0.16558875509672152,0.2895788418138255
41,0.0,0.023644191780153312,0.02368100753620763,0.024004825255133144,0.049650729527426045,0.04971136350691763,0.050542603859503155,0.08082664969743086,0.08097427195225823,0.08163498202026344,0.11142924797706527,0.11149084814068182,0.11145552026223957,0.11780715752927119,0.22325261017624642
42,0.0,0.013586369347779181,0.013605918756551406,0.014038265187476801,0.028561526983676967,0.02858460438426193,0.02984776590325325,0.04752461365738146,0.0475949341897919,0.04872397026785652,0.06257724185160499,0.0625495942154957,0.06289584153837335,0.0712836765925976,0.14906710393446992
43,0.0,0.005098143100124075,0.005105220065019939,0.0064322417869260235,0.011000319959194333,0.010998482031674226,0.014461581732607524,0.020498467428271848,0.02050818590124706,0.02417697536897514,0.02435432421916374,0.024514354352106672,0.028041941960757016,0.03510057333621729,0.0751503824588645
44,0.0,2.3900995831604988e-05,2.3919172808878995e-05,0.005233966970824458,0.0052342237205571535,0.005264372744895804,0.013003800512111264,0.01307695197375477,0.013086937732641508,0.021734181549312254,0.022231408535372713,0.02328222243447603,0.031242349268781045,0.031096201140607373,0.04202613498817877
45,0.0,0.011552843184283568,0.011569087443743166,0.012826271988682596,0.025171935237952584,0.025245619794906422,0.02752456283995548,0.03991978405424414,0.04002962174169545,0.04332728326694441,0.06700789400509276,0.0678518845181628,0.07136385310245222,0.060671590535952384,0.06615290360787413
46,0.0,0.00862922355001472,0.008642079078624569,0.009869544992073846,0.01904395540180585,0.01910665658840958,0.021389838217897254,0.030302822715384245,0.03039590835691769,0.034241067021125116,0.055577060000961576,0.05667039940482112,0.06115554689508203,0.05048103365366077,0.06763516244746139
47,0.0,0.013515037239013095,0.013536357208821913,0.01520124619867028,0.030004832195427822,0.03009774664471861,0.03272736050758321,0.048478051562455604,0.04862689531020851,0.05278488497112609,0.08163262660584113,0.0830790060173184,0.08850447880188464,0.07756948303427418,0.11377644338137743
48,0.0,0.014812751269449198,0.014837973308563878,0.01688745727448735,0.03317710849269049,0.033284549157669145,0.03625936694320488,0.05435671214389266,0.05453560968171951,0.05930955689493951,0.08926102246342509,0.09097040527105225,0.09726243612162451,0.08661439803324134,0.13232319340817336
49,0.0,0.014292958197365702,0.014319530842402357,0.01702030545038722,0.03286632491356886,0.03298364037235997,0.0366415523063371,0.05406259436128412,0.05425594302405907,0.060186170007876315,0.09069936246600044,0.09280446278690047,0.10061288105431965,0.08864923579181803,0.14328916377214576
50,0.0,0.009846395197139701,0.009867469743506723,0.014671106717155956,0.024535855947094874,0.024652334827639167,0.03123074343692577,0.04272120346579477,0.042901792372578434,0.052377227428187956,0.07313465186405939,0.07579834543257433,0.08721389631304168,0.08018085005694198,0.13158028122680046
51,0.0,0.014368984574749999,0.014399582467316301,0.017072332400251217,0.03295135998404264,0.03307277519988465,0.03622444050153333,0.05510359711992671,0.05531715992663753,0.060256019107699135,0.08684739497901277,0.08869809509268178,0.09512722023725761,0.08681061162901417,0.13560967906207386
52,0.0,0.005767581762597507,0.005780873364561501,0.007307694063025512,0.013414168779885946,0.013467660947825193,0.015167816973020071,0.02288016310048469,0.022980063288737078,0.025976797907482172,0.038881475723542516,0.03996335558670844,0.04377672095672722,0.038388036145836406,0.06359383600226898
53,0.0,0.009655188461967001,0.009676990045607278,0.010844581708741,0.021585616438973772,0.021662051098584073,0.02297527680844212,0.036313083272504536,0.036454614751941526,0.03844628390252661,0.05565855663564804,0.056446092441743596,0.05877829175741787,0.05598146434336327,0.07081225871301242
54,0.0,0.01052831621239192,0.010551338632131157,0.010752577959031858,0.0221955151556711,0.022255878020103443,0.022420403398121305,0.036992713334422396,0.037114140698749604,0.03735003798520664,0.04963009091035067,0.049779960831131245,0.04993903941343406,0.053341213760399436,0.062273807016415834
55,0.0,0.015151110529317391,0.015185210022846816,0.015302740146677115,0.03150291130131807,0.031588469187347604,0.031711172876865375,0.05130078525810191,0.0514630208939237,0.05158006729736255,0.06654027230685265,0.0666336899094425,0.066656970497181,0.07342207250502163,0.07587435987414401
56,0.0,0.017221045112093325,0.017259119776618648,0.017541166008664243,0.03567212596612526,0.03573514937162574,0.03635201827600133,0.05846770938240947,0.05860897064770606,0.05945228899511102,0.07982833808855776,0.0796948463604485,0.08101873866187159,0.08672763841950071,0.09062979047167331
57,0.0,0.01972912549092587,0.019777157941684238,0.019795635219083698,0.04021422690755764,0.04031105537893655,0.04036259930784205,0.06467766588306732,0.06486394029505452,0.06504254000321084,0.07948999658808217,0.0793109760376287,0.07993464576887503,0.09200252992942098,0.09226021903756149
58,0.0,0.01811498571208725,0.018158573130468064,0.019563447773646516,0.03789220883625006,0.037940616948593235,0.04066888209500733,0.06278574586357796,0.06290779599582191,0.06695851297872324,0.08284821957442556,0.08288444504818161,0.0889383338665553,0.09732938956768131,0.0974381631045811
59,0.0,0.018932698771576773,0.018982280597803356,0.019936115651651633,0.03973168893908208,0.03979868940862672,0.041684894681197814,0.06555451169778828,0.06570782931974528,0.06879927434049264,0.08650437049481922,0.08643258884490077,0.09144980749490604,0.09753470518861589,0.09898065498103412
60,0.0,0.019662998429520795,0.01971896775160737,0.020171512326746018,0.04113606505893371,0.0412297721060662,0.04206110931078325,0.06738014807464422,0.06757561729076864,0.06915361922173945,0.0873065224707156,0.0871077843370824,0.09019942472900598,0.09760747481484783,0.09998028918229976
61,0.0,0.020860591047086263,0.020924662890921136,0.021104236043499078,0.043442273997242126,0.04356586922953228,0.04382645047909238,0.0703102766831097,0.07054795365838505,0.07121394765289821,0.09051492727810029,0.09026415246909851,0.09195149767451315,0.1015601034696994,0.10356491499739873
62,0.0,0.02131193882168536,0.02138222121320036,0.021431134869113244,0.04422855411062418,0.04437692720235088,0.04440798467756797,0.07071133699196287,0.0709779307746837,0.07117880528957486,0.09047112983785424,0.09023023897996772,0.09104556701152015,0.10423379222064143,0.1057384258864716
63,0.0,0.02007948051189845,0.020150237235376418,0.02015097685913406,0.041634795595861224,0.04179549589524891,0.04180386187849729,0.06575979164947172,0.06603075722076637,0.06602819148656225,0.0825885835557992,0.08239832559189326,0.08262131229832001,0.1003192929364104,0.10198789152690403
64,0.0,0.015625418337837482,0.015683016212749715,0.015697229310501687,0.0317553962407984,0.03188179442248806,0.03187527794190909,0.04948929204993055,0.04969276524635747,0.049725347212435954,0.05462947617645513,0.05436226655939944,0.055002294869110936,0.08093468398232898,0.09150453942148078
65,0.0,0.018618662834637423,0.01868943484145489,0.018991066579100675,0.038265444712937954,0.03839364072143362,0.0387553073565911,0.05907932499636037,0.05929777950697868,0.060023076257137105,0.06660887246918151,0.06632150432253647,0.06864464741362034,0.09443615502080073,0.10201998323810418
66,0.0,0.007612938045862938,0.007641252949551549,0.009601443628369788,0.015323354357046915,0.01534194756896359,0.01781169354790546,0.022022253361711357,0.022044346912295985,0.026385661418827967,0.018517402440143528,0.02042610878353078,0.03176842364915911,0.04700017984911672,0.09977235962351476
67,0.0,0.009443124677987358,0.00948045464882128,0.010366168037822518,0.018944300859532963,0.018986809017225135,0.02034860437872909,0.027629875233861338,0.02769258789100157,0.029826145727215335,0.016417598027149708,0.017402324673439096,0.02610291646605351,0.047327503087116196,0.09023867413003402
68,0.0,0.002927761387152339,0.002938401806880252,0.006178533054666147,0.0068864093339852574,0.006882289764981939,0.012336370276719922,0.012006002769011665,0.01201650851883519,0.01871858241186372,0.037090259295231215,0.03892211726262333,0.04582237569401515,0.03263892143970715,0.10465524715684639
69,0.0,0.0027819268946760456,0.002792412934268974,0.005776495126099533,0.006551337550971802,0.006547250264673346,0.011966144819539488,0.011477175945040788,0.011488996007507775,0.01664246807317453,0.03962345588949153,0.040958750089823394,0.04586119611351195,0.02965827738466107,0.09859742591119111
70,0.0,0.00967043289103664,0.00971181521849736,0.011347667036768799,0.022422616109327706,0.022576548710531566,0.02544858385663747,0.039157552787591206,0.03940124579684293,0.042145012361075276,0.09439662978895577,0.09572810770198105,0.09864699072270193,0.07970999518879805,0.14877310213758696
71,0.0,0.0066924275893497365,0.006720101819037215,0.007246518584334696,0.015218791788691505,0.015332970308950922,0.017376555456330194,0.027601392153638726,0.027766953038741243,0.02851690368641796,0.08375885245176012,0.08432958888766506,0.08511680281213717,0.0683890482886085,0.10967890375110731
72,0.0,0.023110003009015445,0.02320136723827707,0.025329507608323858,0.0500409574280619,0.05034364128387115,0.05484897525857449,0.08368964052829615,0.08414595715839705,0.08792675931125274,0.15170393406533506,0.15305734352693112,0.1564505913715172,0.15184160029901062,0.19547299006460553
73,0.0,0.021912837200586788,0.021993686012945466,0.022750535850951208,0.04510626763941138,0.045336115391976906,0.04729628768853237,0.07193969275928964,0.07227538722856665,0.07342555167981278,0.1327858907434229,0.1332331000481539,0.13388050621460806,0.13370726902411,0.17344128222631647
74,0.0,0.023983881235365323,0.024065690761873447,0.0273003913950235,0.052573835710979996,0.0528769117446558,0.05964478110289255,0.08821726092382429,0.08864551141668923,0.09378424182637422,0.15767827484197003,0.15901734694549022,0.16359704569820735,0.16040913081297473,0.17980150357127936
75,0.0,0.022380398078556074,0.022451890750799404,0.023219959420249542,0.047477220499451966,0.04768931605159262,0.04944551166218411,0.07845155184371505,0.07879044474063733,0.07959351426422606,0.13026146591937984,0.13035236150442894,0.13035321734227068,0.13601679895952465,0.15771170964937684
76,0.0,0.021537922639238927,0.021598090508117593,0.02850024550714425,0.048363550722947506,0.04864095692353352,0.061709135311370206,0.08272988995643307,0.08308002574878141,0.09529685806093632,0.12957445910836551,0.1311970891849431,0.14054342746214307,0.14309446655512284,0.15363251385182433
77,0.0,0.019616894985820088,0.019668188094500515,0.022850266440392415,0.04407196292493482,0.04428965764381307,0.05090725831125969,0.07633063298002159,0.07665509116076422,0.08199359581887943,0.12190823923617776,0.12268082255080269,0.126373330418244,0.1271460709006626,0.13461251485520903
78,0.0,0.01989422718111733,0.01993873435302856,0.0266154720144813,0.04534524130105532,0.04556578446579649,0.05740106489699706,0.07899531435579607,0.07930220142775898,0.09120004035073433,0.11166343459390067,0.11274812770670516,0.12013936570605309,0.12950867077437597,0.14915724460776048
79,0.0,0.017378667258391878,0.01741206570041574,0.024441895838318056,0.04014321340651699,0.04033966313513602,0.05408262838597522,0.07225777213652583,0.07252090983791971,0.08669296118146473,0.10227636346234488,0.10369369022543441,0.11392343963136282,0.12245748457280227,0.145963692276892
80,0.0,0.013324378398894998,0.013345139757342606,0.020919150640989453,0.03219791325888635,0.03235580326651333,0.0475056432739311,0.06074622999201369,0.060945744140996766,0.07605518095248776,0.08509306976806436,0.08657921312106391,0.09821819291471626,0.10332198271127244,0.11786589450910538
81,0.0,0.008557443407817056,0.008566640670655247,0.016711949468513038,0.022963242631354415,0.02307458096388282,0.0389681481191738,0.04665465809752358,0.0467837548596281,0.061739727425767006,0.06375341324108831,0.06510225474934786,0.0768990681401577,0.07841184021111264,0.07962074259507919
82,0.0,0.0037645197843831912,0.0037654660087937854,0.012293922802006212,0.014066108610195253,0.014125691724716755,0.029464266321698865,0.03215163436355482,0.03221266380610442,0.04544358637489565,0.043692301142602044,0.04464335120443856,0.054610457314807806,0.05442201161764743,0.05963329317338335
83,0.0,0.0006407000711301514,0.0006624710541359526,0.008065930032594669,0.008204011796956479,0.008209376279149447,0.019861108231400998,0.019797407307459453,0.019804950099574014,0.02876101375594398,0.0332309774554416,0.03350280294796789,0.03824331057709569,0.04064838564144007,0.0805953613437811
84,0.0,7.343439573526123e-05,9.097409210432269e-05,0.0030036725217824187,0.003130472145615096,0.003133004593442399,0.008293904453746703,0.00827740838253316,0.008278690014713408,0.010758565162729328,0.023982473690344657,0.024005698747703984,0.02330479943960129,0.028089455226696296,0.09380187376605621
85,0.0,0.009215704903642763,0.0092378333383735,0.009280404458382829,0.02037100146975461,0.020411751511259405,0.020789460234837298,0.03187549834447359,0.031956170142388926,0.03177464847900671,0.06938382550770145,0.06976227300461181,0.06988094452320948,0.0779146099637126,0.18225925541463867
86,0.0,0.001240515485255611,0.0012433492414824622,0.001244571225718344,0.003553892629334051,0.0035662400621533186,0.0036075938864649627,0.0052002295071177035,0.005219175725090879,0.006375141703848797,0.03480636172925624,0.0352571706666292,0.03660250177049547,0.03950717361632272,0.1336864166319751
87,0.0,0.010160464560203697,0.010181993256368482,0.01046538846823316,0.023331427879899606,0.023403258064461762,0.023893541033750042,0.03929758947560297,0.03943191244001625,0.0408076830167345,0.0814835280103208,0.08224935467228271,0.08439790037525684,0.08988531366350398,0.1845877433982577
88,0.0,0.010468224979869767,0.010493046718391307,0.010528317414492463,0.0220443206644541,0.022106942477605734,0.02219574877406907,0.034511144235203635,0.03461903611851557,0.03516596218400849,0.06958932962403507,0.06995955475057745,0.07068482860916199,0.07748201491723025,0.1825211701329774
89,0.0,0.015801381847836415,0.015832208260870513,0.018414132586009865,0.03622786219339421,0.03636857184021285,0.041307110583827404,0.06093427830933445,0.06115036344757991,0.06781487708800035,0.11366283403736138,0.1155154255905303,0.12329225994698817,0.12203495968915706,0.19927288873460575
90,0.0,0.012752658394280969,0.012783844109343523,0.01312436004632662,0.028088601945999186,0.028189052786697883,0.029062510786285915,0.04799754930085401,0.04818103473879551,0.04936431663378047,0.08346521585881456,0.08396216440078441,0.08512886253044336,0.09036317431873288,0.15529078559222192
91,0.0,0.020293824151225603,0.020339794601344795,0.02342242878586796,0.04441744392031228,0.04460034779390709,0.050288747993091326,0.07364865198481199,0.07392647698441619,0.08064059814586926,0.11442297699651412,0.11615161046355148,0.12344912217710212,0.1248808091152223,0.16917512083237243
92,0.0,0.013334889651549164,0.013374303618024472,0.013380268555368845,0.02944972954119165,0.029561779375433188,0.029791930126886416,0.04977491900854349,0.04997216932124959,0.05002934230796467,0.08647386168291728,0.08687966366289798,0.08720648760035882,0.07785622864549706,0.07851736917505686
93,0.0,0.018206142601741693,0.018261736761202692,0.018311546972023692,0.03929836249398534,0.03943816163196123,0.039536041792644847,0.0655298692098772,0.06578616817559706,0.06575499319956044,0.0944983611796584,0.09457801075196588,0.09456647036526106,0.09506316500342453,0.09483561475964147
94,0.0,0.018654215993750722,0.01871637934536965,0.018723229701155714,0.03903035819130164,0.03916575169002856,0.039166846488424285,0.063926468950547,0.06417512634040812,0.0642464213938423,0.0857990418707079,0.0857084967627843,0.08589913634421442,0.09115237415095429,0.09142678196422532
95,0.0,0.02131939083090495,0.021397422245455284,0.021620154773168074,0.04425870823053386,0.044409149224046915,0.04462860129654015,0.07198457982555065,0.07226346471430733,0.07288975460507201,0.09571811182404459,0.09552700626333804,0.09641904915690819,0.09939271583090671,0.10820999015370736
96,0.0,0.021553168341891804,0.021642481222129185,0.02292824003764268,0.04553077575337813,0.045667320789508005,0.047641954330994794,0.07524679856166819,0.07552399665023558,0.07853085316887079,0.10636378058507102,0.10609927589543484,0.10948024579165534,0.11137379448724634,0.11384729142201254
97,0.0,0.02236021229503138,0.022456049523507167,0.023215235089331394,0.045892347347305434,0.04604972257083646,0.0470371147123038,0.07389902147348675,0.07419359199840926,0.07610023240576355,0.09523933013088223,0.09494137633974505,0.09745020374167322,0.1002863463702344,0.11028309546427442
98,0.0,0.0171340568666013,0.017221311089233887,0.020324601089532473,0.03688162077361428,0.036978765808792696,0.041644581978597266,0.0617239687420218,0.0619345319044261,0.0688583185637661,0.09095264398787427,0.09078490647922811,0.09756986613748526,0.09316495140227952,0.12085144792338037
99,0.0,0.012237385684217839,0.012303670851058985,0.014813601737645087,0.026604806105538264,0.026673802880503632,0.030772061970816496,0.04500664706664146,0.04515931989550174,0.05164039978205942,0.06969626037941004,0.0696128055713561,0.07578145931176032,0.0688775813749672,0.11266576640873856
100,0.0,0.009956167923144577,0.010010554348859554,0.011626626477199146,0.02139746960748173,0.021458875182850178,0.024256737804266428,0.035986869473513865,0.03611854782267083,0.04094127931620141,0.05673823349650264,0.056647875510132194,0.061167094999962195,0.05386380861518291,0.10102836657930214
101,0.0,0.009395246369972243,0.009444661058229118,0.010184209292036181,0.01976116664630053,0.019829971707859953,0.02115363826619852,0.03239076236629152,0.03252582145514628,0.03516412009363743,0.05041144224876364,0.0502880962398486,0.0527881954679016,0.04607051515937505,0.08568180411733041
102,0.0,0.009730699583280988,0.00977816493305304,0.009864349613797393,0.0201065796996894,0.020193722156583868,0.020345318201007434,0.031901665920091256,0.03205406274494009,0.032566668321383434,0.04722226428172228,0.047151131044976896,0.047667627180369265,0.04309335678638639,0.06821090552477808
103,0.0,0.010704506510197942,0.010751853415202914,0.010934668844038854,0.022161312156569617,0.022276516882000445,0.022618268366948233,0.034533353181740924,0.034711247827844585,0.03493248922444151,0.047252643313172304,0.0475050246687725,0.0477687112485832,0.04725600632813276,0.05571000530219803
104,0.0,0.00784086975395637,0.007869820327786898,0.00959602667089678,0.016410989891348364,0.01650967978707838,0.019861798459796996,0.02647506857758864,0.026599035718235638,0.030235643272319788,0.031896103775288634,0.03268600700879491,0.03680572808135723,0.03827769489391761,0.05400470000516324
105,0.0,0.012405612906083108,0.012460301881864783,0.01313701078367094,0.025543020349274987,0.025687242237311933,0.026892811362576978,0.03929125290360404,0.03949813649047779,0.041203610607411206,0.04581615975040582,0.046508558198309485,0.04868411302272664,0.05277997270080463,0.05233130254912919
106,0.0,0.004902089657806474,0.004919629015982644,0.006784434508012854,0.009733727358102746,0.00979752682975915,0.01418636130871759,0.015470389785382663,0.015509999876101655,0.021887169680962264,0.019320535963585243,0.019931640212054024,0.026232017209483465,0.026396980641532067,0.05002352758531002
107,0.0,0.00852781573544148,0.008560984339692712,0.011053407340325106,0.01773821486172698,0.017850359875827917,0.022468183946167102,0.027987325829445544,0.02811191994508924,0.035138226260107625,0.0277945823285468,0.029040776102312642,0.03799195411454619,0.04137744493325385,0.04364884684396078
108,0.0,0.0047964480496449635,0.004810457825638988,0.009379164291446288,0.011041597362764012,0.011101927212102593,0.019317526359984738,0.01945326364051369,0.019474853792320872,0.03194718020692457,0.03651062917580232,0.03719314031449845,0.04677457965737463,0.04346291974346123,0.047167721094199457
109,0.0,0.006408365580034547,0.006432933813565775,0.009354174666414245,0.012985851823863966,0.013068993717411041,0.018691271213612817,0.02014596007819285,0.02020345302588488,0.030696324953031266,0.03134833553463397,0.03214004930114672,0.041256266003165815,0.03897415460985217,0.047034602101754634
110,0.0,0.004202806072457488,0.004238137597055665,0.009186712403050211,0.01362472307532675,0.01364117764474056,0.020757170929180023,0.026833304208812005,0.026892369363258745,0.03710853136068608,0.06961095149304983,0.06963820568593104,0.0749842212620811,0.06890746733064664,0.07960402418093016
111,0.0,0.002028572390249561,0.002055563331825483,0.009915461205019405,0.01155384722357505,0.011552711732783537,0.020891883256554892,0.023894866725490023,0.023912406234215356,0.03790855120421169,0.06831323265519552,0.06855706207845294,0.07639746741777487,0.07176722820975054,0.07631855297207417
112,0.0,0.020770641517730448,0.020879686301846993,0.02095738364194922,0.044370956511271716,0.04459108234378267,0.044680619884802424,0.07263005296269183,0.07301634672843416,0.07348856600435369,0.1249383278841949,0.12491507955672133,0.12529744163869885,0.12925816482137778,0.15392079304332762
113,0.0,0.022499485808189945,0.022616250686401683,0.023355270194402807,0.046709787348909765,0.04690409834619497,0.04780015387566793,0.07401942828018897,0.07435047423645508,0.07616336256639764,0.127448506256172,0.1272555353750013,0.1288718274036193,0.1326279081570224,0.15110971834845305
114,0.0,0.029432550478274866,0.029562297823852394,0.02997926216517622,0.062362675104244474,0.06268977381801419,0.06371510742450007,0.10101315462445555,0.1015396765404339,0.10207792978619921,0.1643571392958479,0.1650460911403276,0.16583721766716303,0.1679601672969889,0.18281242493723476
115,0.0,0.0272218776867863,0.027336023388164418,0.02742139963243913,0.05631683557239873,0.056573904720849846,0.05680674841785176,0.09002930167141104,0.09045351138944766,0.0905183145375119,0.1375176431039093,0.13759680454095746,0.13756708805560716,0.1444250365254044,0.16075545990568774
116,0.0,0.029019864473226353,0.029118321183015803,0.0329337191360005,0.061283714469931395,0.061603545648460205,0.06885898064650008,0.09900410002966105,0.09945784136194628,0.10699522044659267,0.14536221698362478,0.14699535653615237,0.15395632471371426,0.15779586656675607,0.16682468986978174
117,0.0,0.030871348212890948,0.030972903548176015,0.0325144092357492,0.06533600916146204,0.06562963084898078,0.06862496268423417,0.10597369742127326,0.106439627276396,0.10939271649662127,0.15511218215801986,0.15602656289853428,0.15881215834370116,0.16337289487689158,0.17481718846355893
118,0.0,0.027312485641867834,0.02737962905214681,0.034272360981022945,0.05938585650659431,0.059653649271416045,0.07123466608112101,0.0977522219641928,0.09812666171640404,0.11175011048142922,0.13367692519212684,0.13560674482215257,0.1471218764039843,0.15604599348644785,0.1745664928919275
119,0.0,0.025114865789044205,0.02516650213467918,0.03244926652488104,0.054815476880979944,0.0550479765885487,0.06825984162778746,0.09177092652988295,0.09208892434423754,0.10789146533739796,0.12625541316593578,0.12857451773597686,0.14328834252974243,0.1519808203713361,0.1734883359550894
120,0.0,0.023245968497131564,0.023288762522931744,0.029213706796869476,0.05024714307225751,0.050443356123732026,0.06181511522009161,0.0844093704316657,0.08468329913203716,0.09805532968518206,0.11404250981263471,0.11608352060232455,0.12909167523585585,0.1361396095678797,0.1516217804348676
121,0.0,0.021206223366294852,0.02124371558619668,0.025173773814697237,0.04499006066745465,0.0451506453300722,0.053118856561732895,0.07518496671309462,0.07541986132311815,0.08435067727724932,0.09654255402872555,0.0979723354471023,0.10681573838011445,0.11122836895686776,0.11549729344661126
122,0.0,0.018828039437446598,0.018862870382458333,0.02066238726687009,0.038962684998104645,0.03908867971673167,0.04305238100793462,0.06442701821779746,0.0646251428593449,0.06853350998181225,0.07542917763833128,0.07609461684940202,0.07974348891246716,0.08113437996882267,0.08050742663678535
123,0.0,0.016083075057696794,0.016117845660467048,0.016302032884206247,0.03245748509937339,0.03254853447451322,0.033125207810855574,0.05312811649499691,0.05328776058772597,0.053514054682290056,0.05390642769169753,0.05386275928192735,0.05375371765643021,0.05208136157210428,0.06974086057722408
124,0.0,0.018494952188995994,0.01854639445854951,0.019323074777424284,0.03765534703461559,0.03773202935200695,0.038886189953175644,0.060734553411605094,0.06088473710607522,0.06292564855540325,0.06090637795306067,0.060764829411911844,0.06545687347053641,0.06445408651669,0.09115980360720179
125,0.0,0.011221957417794193,0.011261529957767163,0.014248101853337282,0.023337983330720635,0.02336470147107029,0.0278538386925444,0.039290136852821095,0.03935657650338409,0.0474718626631031,0.03676808304443952,0.03805991959259042,0.05466572701717145,0.05332897343214929,0.1426490672200741
126,0.0,0.019409625789470697,0.019466852928017968,0.0224484064689563,0.04056488661128998,0.040616348850102936,0.04626735991530713,0.0676183527439931,0.06773737453071056,0.07605903480622365,0.06871677041291088,0.0693122464177196,0.08434998658510871,0.08517968714789018,0.1305875062806388
127,0.0,0.011425284341811226,0.01147100248521315,0.018896566204567793,0.02628276038669453,0.026284686594974543,0.03906912016910732,0.046565801749935874,0.04659181293192592,0.06426775762533161,0.056476176763253984,0.058961503410768015,0.0847211129377969,0.0846407446091462,0.15160453166054724
128,0.0,0.012961371635903607,0.012999919980558874,0.017049718474766183,0.02858242437025547,0.02860147781265593,0.03604114551719858,0.049750526481209666,0.049807461627730434,0.06084556026702854,0.051744801262616755,0.052968846317780045,0.0705094057661909,0.07057482061822488,0.1351542839151166
129,0.0,0.0030529177326932277,0.0030884478620187197,0.016332661362963703,0.01653645549780277,0.016535004732964438,0.03635607661503486,0.03657567500437751,0.03658115672989729,0.060369237936417304,0.06619329144271649,0.06969442411782434,0.09610153182466388,0.09452409193274676,0.15092225620147542
130,0.0,0.00774099392509997,0.007763717586676717,0.01136521810778892,0.016738526321109226,0.01673745933787574,0.0244391512788064,0.02859178037681269,0.028599844832340713,0.03829389390927317,0.0324152845168155,0.03372335573467287,0.04730104042301851,0.047457207087585655,0.08208430043101742
131,0.0,0.0036078858512987866,0.0036079249961852742,0.015763593064257574,0.017639079711293183,0.01769051558529868,0.0354162033491522,0.03756938631902641,0.037628719670750134,0.05695069874482284,0.06823964889318103,0.07088253684164637,0.08981749994870686,0.08850115313560976,0.11044344957621152
132,0.0,0.0032571191540156086,0.003263225098982717,0.0032935876300095135,0.00889268887011122,0.008923940224778631,0.009149403308155876,0.0178159485983206,0.017873311671103054,0.017816492297852194,0.04630703296063193,0.046491768817345146,0.046685396764459125,0.0340255716969266,0.03442035905411253
133,0.0,0.009851147299385188,0.009867587974424984,0.009998804098318142,0.023182090030839042,0.023243527380762054,0.02363741234816749,0.04194138095081222,0.042059591248999634,0.0419794181787398,0.0652628229206758,0.06529678139590442,0.0652914988280783,0.06169928785118877,0.06822251455209818
134,0.0,0.01236923504905918,0.012393877780522903,0.012491110703726719,0.026389321176267824,0.02644200942145331,0.026558726983260613,0.04442455249899432,0.04453032616674073,0.04497256505503225,0.05715708484262072,0.05705776116266347,0.058376890976975494,0.06454068304315103,0.06918947053293809
135,0.0,0.017708831149291004,0.017745095848349837,0.017779323935536443,0.037330987523742205,0.037415632607590184,0.03741793397682878,0.06095280587205815,0.06110716475194779,0.061275885269284576,0.08342192940031501,0.08333232769585085,0.0835971500536724,0.08426973073198878,0.0874847939398995
136,0.0,0.021195495721431756,0.021254778987847965,0.025076876353861334,0.04757536408400003,0.047641661147834226,0.053131831868754226,0.08198158398176844,0.08214219133170018,0.09035395403254975,0.1150326674850724,0.11508256378041909,0.1241342814422618,0.12592306177475673,0.12786835922801917
137,0.0,0.02432414572652908,0.02438449723678072,0.024657418789723204,0.04949766119941051,0.04960689100641596,0.05011685683984403,0.07840351395498224,0.07860711329713553,0.07947045895444867,0.09550232718839874,0.09526362712218775,0.09720526904838744,0.10791690263483725,0.1079216837592008
138,0.0,0.021714081685051068,0.021786749564330368,0.02598052711151866,0.04708355328349877,0.04715805168339341,0.053158232584948464,0.07797400786256332,0.07813647848414579,0.08718499587885421,0.11533111606049933,0.11525364809131719,0.12291892942619254,0.11783137098692724,0.11948608966691485
139,0.0,0.02695453433455064,0.02704385689572252,0.02935881061222323,0.057243181532634003,0.057362906722367164,0.06140879757138695,0.09361806738800652,0.09386150368862203,0.10024451019388503,0.13451831900409494,0.13429205718686216,0.1404088157937051,0.1358442741859876,0.13595117293986667
140,0.0,0.02855583492767677,0.028649014356076936,0.029233063914032995,0.059266849785584406,0.05942662401583601,0.06065027588131036,0.09492003346635644,0.09522074676897252,0.0973506306508542,0.13100122045000986,0.13073480777850857,0.13307748740732614,0.13306391250112734,0.13367513041077542
141,0.0,0.028106230667875987,0.028197058215717125,0.028199595510659165,0.05775980511487874,0.05794922728217748,0.057978499382978506,0.09140878335045678,0.09174434794818401,0.09184266767677121,0.12363043224878235,0.12357870486328978,0.12375843940288417,0.12954534071895013,0.1377635546579756
142,0.0,0.026927298585038617,0.027013818694097236,0.02736380069158721,0.055367011248130905,0.05557983578482987,0.056059867228254144,0.08727401133442218,0.08763082018284937,0.08823872094873429,0.11799591835576485,0.11840508918868635,0.11884657079545011,0.12937086452627966,0.15675184921007904
143,0.0,0.02549137880156882,0.025572947102614613,0.026998761675571654,0.05296764821159386,0.05320124311037641,0.055527093207448426,0.08379975496020964,0.08417023844377496,0.0875601074441258,0.11522410909316474,0.11631871260626721,0.11940522890499716,0.13235775328909052,0.18491044959701539
144,0.0,0.019672965545352916,0.01972950813740119,0.024701999379876684,0.042673571274297425,0.04289238386065707,0.05129031721247563,0.07050265007211998,0.0708190118251357,0.08185261219769349,0.09919228608002291,0.10136399130262441,0.1118718300210744,0.122681668450984,0.18336468537755
145,0.0,0.023166738531770537,0.02324165423830523,0.02846654801088558,0.050413264680270346,0.05068710687070681,0.05923451151149843,0.08248720244284814,0.08289137622811268,0.09540786819739429,0.1195183966441988,0.1223375393189849,0.1346860745470596,0.1454360165232469,0.2454825129069384
146,0.0,0.012776818858603933,0.012814596051418931,0.020087393136546863,0.02977886150620651,0.02996389586312829,0.04304728584342954,0.05201230169634133,0.052236660858259745,0.06999015149307558,0.07897056427457225,0.08187220757530264,0.09841615142750658,0.10447213735438315,0.18831009034111268
147,0.0,0.017166523116501686,0.01722680701846226,0.023949008566984002,0.03920134998828412,0.039455962913734585,0.051133472664760114,0.06724635180064611,0.06760589122805705,0.08358076056807821,0.09844762583802896,0.10169501681514731,0.11746034329246667,0.12449463116054248,0.21331537131287973
148,0.0,0.01400641118183299,0.014058617698462825,0.020603933135066435,0.031169912292018275,0.03138066749476225,0.042889714420051135,0.05227522540904862,0.05253662991442702,0.06966277081886141,0.07621540272631366,0.07907514154991556,0.09477378295422165,0.10058045649105765,0.1920865582133647
149,0.0,0.0184023481085005,0.018480795347115345,0.02375197765421067,0.040720019199812975,0.04101019584883128,0.05057310666322069,0.06712945027687697,0.06752440002014705,0.08096427948395334,0.09933815689392524,0.10292467680846679,0.11780822368269211,0.11996379044350003,0.1914505064559301
150,0.0,0.012662455467658762,0.012725196121221022,0.012954076803595076,0.025959949255825343,0.026124160700344033,0.027012123683140928,0.04234541813035932,0.04261829884912665,0.043981265096431986,0.05250149623170112,0.05313013963626599,0.05450905953718097,0.060667112115161646,0.10238195434929832
151,0.0,0.018515267381916112,0.01860160680798253,0.02637598562938179,0.04101336469619137,0.041322566271016076,0.0540877281627287,0.06785502246817264,0.06825350654935955,0.08547703532574485,0.09396076467349063,0.09740677032072523,0.11434940397557619,0.1172049207858592,0.15327841133597495
152,0.0,0.006054578902495278,0.0060893981181971155,0.007005050294146905,0.012689684843805829,0.012741934742896859,0.013282969527276485,0.019848916368881392,0.019930501942487387,0.021428683386755697,0.03635713801702824,0.036466349131732766,0.03645942462032237,0.027126416978788363,0.028467446962721642
153,0.0,0.011502488881358852,0.011569445916817018,0.012703568558526895,0.025471268034297466,0.025572248672074204,0.027358934061091172,0.04330448799944137,0.04349952304850534,0.046972811562468866,0.05456507775193416,0.05435583464044233,0.05834028440547674,0.057848482953310125,0.07928469513491003
154,0.0,0.009849252537574849,0.009908382930537673,0.010982875850772258,0.02076482639797438,0.020837596185794973,0.02290771793605414,0.03505129625782445,0.035197956970646205,0.038773296272091466,0.03682792126624012,0.03714585364961576,0.04559498934572032,0.04927227175286742,0.07449679103537422
155,0.0,0.0037427537498769814,0.0037623109505782134,0.004779666699695158,0.007426262163764875,0.007471763599763081,0.00847059532207485,0.010996703164832646,0.011055857521899234,0.012213716862041049,0.008828852285260699,0.00874317855496915,0.008459565158315072,0.010823640179802798,0.037611994779439675
156,0.0,0.00979582232847187,0.009834435134298726,0.025272164734781787,0.03079837930901565,0.031007803470183143,0.05175329742795504,0.055961409570675594,0.05618435874589597,0.08430580187208646,0.09001694064025555,0.09437777083280617,0.12039772958544105,0.1210586983597513,0.1809301611106318
157,0.0,0.008276065347076034,0.008345710968522298,0.0205444773581516,0.026385988083058712,0.02639554495457097,0.04203865946440089,0.05106587951834844,0.05113831299396222,0.07263169103071633,0.06889785015297126,0.0715192204691882,0.09937733158101929,0.1006328210378388,0.17903312651116868
158,0.0,0.01332195436167316,0.01337496372818575,0.02311103118919634,0.03455110604634125,0.03482426364227228,0.05117742291818777,0.06210666018351152,0.06243742250231735,0.08134781792165481,0.08955361406406301,0.09456427740427475,0.11890548159502812,0.11827143188419963,0.15029140693679185
159,0.0,0.025581694809934663,0.025700322962226917,0.02945768640356638,0.05561025207910054,0.05599325835105219,0.0629805418612723,0.09211715021146873,0.0926997169255783,0.10086733879918544,0.12722511671412745,0.13002655921530343,0.13956402093632453,0.14449872456137777,0.19343786415976405
160,0.0,0.023719097917950793,0.023819747351937252,0.02757394397991357,0.05175505805496084,0.052076283768784294,0.05776592502868089,0.0853072858041563,0.08581573721467792,0.09299776391056996,0.11647466013142871,0.1185528372094088,0.12585763812216047,0.13425046426008905,0.1793241651423047
161,0.0,0.017295451434301445,0.01735314336919674,0.024276077285522984,0.03966446360356694,0.0398844082445626,0.04833349184378371,0.06486642634125041,0.06519471499171434,0.07778394773787695,0.08893738632229042,0.0913733681982734,0.10373767807639439,0.11200778795148109,0.14890112797650223
162,0.0,0.007897923202028645,0.007907867413770628,0.020515018846372017,0.024419787297193542,0.024500932997707295,0.03752610278318314,0.04024822726711252,0.04033422688524968,0.062399946327754786,0.06232021513020213,0.06500628551748548,0.08556504143656982,0.08910053627560426,0.11673423170008254
163,0.0,0.0035293925242623203,0.003608939540569859,0.018984827265049208,0.020797880274741973,0.020799113590405486,0.03367545123756108,0.03839022676490783,0.03843896458903087,0.061428484864445354,0.06863543015086465,0.06979821703224172,0.0900092140776922,0.08662389824141012,0.09967184182331654
164,0.0,0.009610660533242665,0.009709623727660243,0.020626285523052863,0.028550104850441255,0.028610044920879287,0.03766855072064995,0.053848653086881235,0.05406301629126926,0.07281145692762352,0.08915583631230754,0.08967720981667811,0.10844918279941777,0.10402159866353462,0.11435158819196525
165,0.0,0.022498093203381586,0.022636611527733087,0.024614408352912266,0.05040733593592193,0.05065410680891894,0.051801628438346806,0.09086911887264415,0.09143340284252405,0.09602797257021482,0.1379794633392181,0.13752458029571454,0.14274560098713696,0.13967068893971948,0.14200550251411448
166,0.0,0.018615259309609833,0.01876897923865981,0.025914327698380236,0.04461671646548302,0.044786820451994946,0.05201131337041359,0.08263422463297668,0.08310675039978026,0.09824694508167635,0.12851373057732013,0.12830803247097458,0.1445023144051878,0.14461281862857384,0.14496138185022583
167,0.0,0.027432493952352144,0.027632515916850148,0.03132806843013189,0.06200754957141815,0.062312398130292365,0.06655853751598452,0.1130432596183525,0.11381243494083977,0.12330772506654628,0.16518385273893185,0.1645092266667402,0.17520039810292715,0.180087537785182,0.18520748286925157
168,0.0,0.02643796729934378,0.026611172944938956,0.027158433364337816,0.05647623870745183,0.056794817093270354,0.05764867027974395,0.10016627988363737,0.1009167984231685,0.10361572394031135,0.1431462206356149,0.14260971748737067,0.14660470289793712,0.1573547648197326,0.2022732423057591
169,0.0,0.021939663258642605,0.022067534151105395,0.022181214802103742,0.04695575485950994,0.04725172402424153,0.047303215266046764,0.08188025761941206,0.08252709934412569,0.08246817785802778,0.11932656661279845,0.11981974990699208,0.11981982949628296,0.128751386161197,0.2065221396158874
170,0.0,0.014068428900529395,0.014193488865921365,0.016891953156895678,0.03192181532982137,0.032082911890974106,0.03672744137056772,0.06083750000683812,0.061315451403190765,0.06936540315910777,0.08578419781085979,0.08536750040650765,0.0925718567751545,0.09934996558574853,0.13017598644281392
171,0.0,0.022717626584606743,0.022800587636206602,0.03203073419917993,0.05245702811763047,0.05277799366088612,0.06259168380929933,0.08872660383576285,0.08929416567490016,0.10185554638221217,0.11606733447247485,0.1186220846465026,0.13057673109769724,0.14070142947768566,0.23182158446941045
172,0.0,0.021504409553695925,0.021732279819402702,0.03209206955677962,0.05377812258488951,0.05404306843649227,0.06303023125923031,0.09226726478206114,0.09289114971797183,0.10818732937905803,0.12241116025928477,0.12187095335992885,0.1396057387369336,0.13935857832841309,0.23824813348445018
173,0.0,0.01738689378468361,0.01760513213727695,0.03705000100424297,0.04942762814611594,0.049521477779144354,0.07314133987516847,0.08999641960300381,0.09032008171196167,0.12265460562878068,0.13854738920694556,0.13982339752742434,0.17777040261504662,0.18079146137707822,0.208805139606242
174,0.0,0.023512084439276215,0.023711558433354443,0.03224143251619064,0.05660330162970643,0.05683393391939057,0.06724080398986862,0.10054698827292174,0.10113323394861648,0.11715174937524422,0.14932056879837768,0.14888833700669402,0.16607885510598697,0.171551456652927,0.19833594249403466
175,0.0,0.020463056842292993,0.020645959414683123,0.03556487803292654,0.053987858176396786,0.054111123442116896,0.07388010690278476,0.10055953093580605,0.10096540191426732,0.12874722731044216,0.14629414667592194,0.14686601159893595,0.1775814837403282,0.18620690022887174,0.21515983098190367
176,0.0,0.020081827620675896,0.020210826948766553,0.02239279698248699,0.04449165033173978,0.044675344364699075,0.04869986678591,0.077370602194295,0.07780564436171303,0.08316077873593536,0.10003828469213041,0.09959216933837059,0.10656229246240059,0.11855162015461754,0.11858102576575828
177,0.0,0.009346690338077335,0.009421967274292299,0.017595094318642094,0.025796759543404102,0.02582581800298941,0.03876819834725031,0.050131577749639306,0.05026632758782038,0.0656375173914474,0.07635168708996595,0.07638778124505978,0.08713186844847774,0.08890119028997469,0.09205373745657092
178,0.0,0.027674996345485647,0.02782478596768739,0.028202648341794367,0.060757746669176306,0.06106741459934456,0.061384490085312764,0.1030126631957147,0.10363788958876131,0.10456581301205274,0.12574223399872234,0.12583315908539058,0.12602733394057297,0.13628866461425065,0.14296760070361736
179,0.0,0.024916400309518583,0.025043506342629973,0.025429684058581793,0.05454496177897447,0.0547952743263993,0.055341160709983635,0.0932851339967377,0.09381007863252969,0.09501440581087425,0.11222870906369213,0.11214154771794922,0.11271563079296436,0.12405726657137724,0.14933732103003472
180,0.0,0.016457056780966428,0.01653201909166639,0.016571424637072247,0.036017272270058416,0.03618217087124962,0.03616453780982883,0.061422211126489046,0.06176572598083145,0.06179915711319364,0.06583523894539353,0.06617856235761344,0.06615673840510329,0.07516831907372876,0.11812243427891699
181,0.0,0.005360591385777158,0.005376562556998233,0.009081000818734754,0.013690506469225457,0.013746522851391147,0.01559152139290628,0.02172183844910957,0.02183287960694019,0.025687504748655162,0.01892899438828863,0.021289336650923585,0.03173785887442576,0.03301078888573982,0.08873466847287861
182,0.0,0.00697026528560829,0.00701868343143575,0.013228473892468652,0.019177035011468165,0.019217010347074192,0.02316100258069323,0.03259140772737791,0.032695703330144064,0.04099286199128562,0.060986973646374724,0.0614130485257388,0.07231915245127139,0.07391509453036953,0.09904609945756522
183,0.0,0.019812567866263953,0.019924009779142618,0.02324322447010741,0.04515966335555118,0.045339890954762034,0.04738194658594683,0.07778028294930321,0.07817177673194246,0.08328296458385966,0.1186276158817151,0.11830591267167462,0.1260572996253255,0.13381818857716501,0.14099696741007448
184,0.0,0.027699917466107338,0.027857238255957775,0.03018864068873689,0.0613794985217791,0.06165980499216741,0.06306399120619295,0.1068571027837005,0.10747084793519968,0.11180690654276723,0.15281123975103705,0.15223926593804513,0.1596087433250217,0.17241934333608794,0.17810977792085822
185,0.0,0.03530873663116363,0.03551488116867366,0.03675967066468767,0.07735413791745405,0.07774608967076391,0.07877311639708989,0.1337765356477197,0.1346236644737951,0.13769082285995293,0.18753015379688917,0.18682270906988963,0.19245078838698929,0.20690837931796635,0.2070358980962089
186,0.0,0.034200453811685794,0.03443340785120628,0.03816493860411738,0.07592918984713906,0.07629624196002222,0.08036605897345189,0.1323947773764826,0.1332484580725752,0.14147278915080483,0.18184629058932678,0.18102444303341472,0.1929581855303814,0.20885471945432305,0.20885821510003377
187,0.0,0.044245544082737065,0.044557585782677336,0.04676364642562528,0.09667143253065173,0.09721667300509229,0.10003773569109069,0.16677374398748054,0.16799797474958264,0.17351327965464966,0.22106667207941844,0.22007372145681342,0.22804160973045715,0.24723227819199262,0.2499960434012295
188,0.0,0.03339059153510393,0.03366274348034731,0.03733624602400557,0.07243911690298552,0.07282125902406959,0.0791155616906202,0.1251561394927059,0.12606788396694685,0.13507468872245137,0.15957336870644812,0.15862292637852463,0.17196111012601106,0.18827232782924308,0.20899583824760945
189,0.0,0.03964870961146438,0.039939977951385194,0.039945959649765224,0.08400302272892664,0.08459921203607808,0.08468787769099621,0.13859981696443546,0.13978781433932908,0.1399861914591457,0.17382535638299199,0.1741216586472132,0.17427550875434789,0.18808791177974252,0.24609597962737928
190,0.0,0.027240343394651534,0.027467776390202196,0.02791716097135901,0.0573603378097347,0.057767042048259803,0.058716645281471844,0.0959413452751073,0.09680244135951331,0.09829271300265778,0.10567876644138219,0.10519478314074847,0.1068493563587436,0.11948598745425962,0.15215160227740557
191,0.0,0.021139916621457422,0.02126563452230363,0.02688419556480216,0.045660946993439706,0.04601151749613705,0.05095628081334801,0.07019467008932902,0.07071809766778653,0.0807216734821219,0.07370111885487579,0.07635082695681468,0.08983621156665793,0.09538760260129495,0.2022188160498064
192,0.0,0.016569210172549864,0.01674096853714466,0.02064008138212016,0.04038783583595986,0.04069065000421222,0.04253398416225869,0.07333640018504808,0.07407217782615302,0.08049870184766059,0.12019161134520584,0.11962064497467136,0.12846567143038057,0.13172339602084798,0.18208288441312195
193,0.0,0.014599416183933567,0.014785154168755237,0.028589978297507028,0.04132428962172823,0.041453685453058636,0.05760596950191635,0.07914372078848027,0.07961038910118766,0.104832078495908,0.13826832038787165,0.13871765541307562,0.16818838725068785,0.17248401803998936,0.18885157228520935
194,0.0,0.021593437691529882,0.021802638171886938,0.028875539249698896,0.05226379201961368,0.05252402057185711,0.06189368384085345,0.096636408099613,0.09734058171027717,0.11265902005969741,0.15945042096541046,0.15900224550564818,0.17728372279266022,0.1833354663966405,0.18980672068741894
195,0.0,0.022864933746056026,0.023080160340629027,0.03358484273027939,0.05644046730269381,0.05664143037217298,0.07238271433946841,0.10480888058500094,0.10539283892446741,0.1271932319899052,0.16914093964375523,0.16899821107684865,0.1931861665529954,0.1993943323346129,0.199580279547085
196,0.0,0.029229945993026973,0.029451360423518085,0.031487801141646385,0.06403541414152958,0.06439069376195045,0.06768494892203986,0.11014940132378902,0.11092550842450734,0.11640447559240154,0.159071569344317,0.15840594687146456,0.16552448965508373,0.17487604635282314,0.1824059344316257
197,0.0,0.027135460710838832,0.02733560506827219,0.03158869305589903,0.06128511833825081,0.06155224588095972,0.06859037629026053,0.10646605409382036,0.10708422065432821,0.11644338592185843,0.16053611769284415,0.15999996147106446,0.16921816740611176,0.17408707818374966,0.20170306400664292
198,0.0,0.033264700138641135,0.03347481568198417,0.03366948842585102,0.07105064281107029,0.07145553743508747,0.07186449526663634,0.11671262492280048,0.11749145769073742,0.11802221405761858,0.15751200177288835,0.15747556446093627,0.1580324362146089,0.16740068868712285,0.24271663855365275
199,0.0,0.03602218082418718,0.036229251499275174,0.03622927296979935,0.07617752412852799,0.07661357254641185,0.07661356458772105,0.12304481305683589,0.12383726142228342,0.12384016080046453,0.1594934780650666,0.1600643546277055,0.1601025935494519,0.17079716524876778,0.2716874882832938
200,0.0,0.03559430691885046,0.03578073870743597,0.0358549642843805,0.07485490931462913,0.07526877410975504,0.07541431649405624,0.11964547998654076,0.12037051101888273,0.12062068004591,0.1512186456208535,0.15210557781043854,0.15265486289543156,0.16290519505265663,0.2596377069673238
201,0.0,0.03157765220721054,0.031729558444648406,0.031866727557424215,0.06603751819375123,0.06638298184872161,0.06665586093338288,0.10488013593751308,0.10547355187790772,0.10585841386549123,0.12927656137522275,0.13010669529639005,0.13086734645207995,0.13931244875678073,0.21338813333215723
202,0.0,0.02444208082423216,0.02455344057831869,0.024564425405911555,0.050672282220816274,0.05091197300760764,0.050949778902073396,0.08018863919922788,0.08060562999909836,0.08064165224992188,0.0956165008052741,0.0959610644633789,0.09608761667173492,0.10158452178977072,0.14408888418443452
203,0.0,0.014639496546112407,0.014707207724850027,0.015182319409302519,0.030081917636174193,0.030190308471044515,0.030845554277023363,0.04780276326159316,0.048008330986750815,0.049033995444235264,0.053519989406717774,0.05331714862277422,0.05449639032073821,0.056262310741258245,0.06556663446373209
204,0.0,0.010361928420895006,0.010413887813217653,0.013533492383094271,0.022682490907579563,0.022719137077259574,0.02765602662909618,0.037593855927184894,0.03768297007707399,0.044483297059758536,0.04532571990787817,0.045493527509773944,0.05372660866773879,0.05360021775595552,0.053395660435826574
205,0.0,0.00014426086316843278,0.00017100209188981343,0.008992199547596936,0.009041166461041377,0.009057315289571485,0.01736017852961671,0.017388175149023893,0.017404930345161704,0.02926205708561252,0.0322431944322559,0.033997082382615486,0.04546473939458365,0.04568641331832531,0.08207290898057311
206,0.0,2.1881170978788056e-05,6.663674951253784e-05,0.007850171024063308,0.007881560313004774,0.007901248359743936,0.016473737715045088,0.016465793983244752,0.016478745426114622,0.02780006847484349,0.028864097067912497,0.030534598315731604,0.04190550449841792,0.04255118887945856,0.07422316621280176
207,0.0,0.009813175214636427,0.009848489990916458,0.014381062863450053,0.024247102541891684,0.024401743883906826,0.030465503781715947,0.04075624221373213,0.04098031259033787,0.049474809318415754,0.06277488295201372,0.06495891497815479,0.07448239418687645,0.07801662024713911,0.12586909964838885
208,0.0,0.01253416695598275,0.01258486355332148,0.014607854547135535,0.02746132770919506,0.027623272831151506,0.030431889354162824,0.043349119462968023,0.04359234074956528,0.048169948191398665,0.05935259876911075,0.06091672812532502,0.06655801279477064,0.07228512971870918,0.13199109164546605
209,0.0,0.021266374394802057,0.02135772533626769,0.024564571121575195,0.04673878579887236,0.04703121399684255,0.051821609351339525,0.07501898385713295,0.07546177041211684,0.08212477413442908,0.10253958916308738,0.10492582697114157,0.11300902924052329,0.11824840702413875,0.165265243082073
210,0.0,0.016014777995726925,0.016089475451516882,0.016541955621885356,0.03389185789190291,0.03407907934743213,0.03468015354326143,0.054060066950086756,0.05437867875884896,0.055346362996806016,0.07042423732248852,0.07122872390625858,0.07261795765621516,0.079630004397638,0.12451682677898086
211,0.0,0.024290406364744,0.024408628442063016,0.026398592186584982,0.05152921800670609,0.051849603515104294,0.05452750648835682,0.08152436185667036,0.08202909867946268,0.08564049573089338,0.1003903282527138,0.1019835722172621,0.10636451361080648,0.11211766829979718,0.14104518897775375
212,0.0,0.008206137836937022,0.008249850815497757,0.009645334435893866,0.017650931396768144,0.01769492324654318,0.020254503564081497,0.028292223591421944,0.028379213253149172,0.03154683885128675,0.037818667128452624,0.037732715963509716,0.040714767215758216,0.04037783109336166,0.04234147525741372
213,0.0,0.007147246872626467,0.007185301133799396,0.007330661029574171,0.015142799075052268,0.015199530901860856,0.01582848445835092,0.024182955993389186,0.02429113279508735,0.025132733784097482,0.02753933290846838,0.027402921821599174,0.028780736833602053,0.02982495148087904,0.045567589369356655
214,0.0,0.0036109995997311017,0.0036313002276363382,0.0048619374309946325,0.0072459983323910175,0.007248453974648543,0.010211941426171359,0.011881389201814752,0.011891070713490996,0.015353252316665008,0.01258806013386369,0.013440885676047318,0.019745046834764426,0.020242382294854942,0.04309363262012915
215,0.0,0.00420509650496903,0.0042289137399855676,0.005352236474700224,0.008211861245280656,0.008219322558380988,0.010759969075701594,0.012839463918272037,0.012854769534734136,0.015978211131583497,0.01292518674645664,0.013420356780760095,0.018697014980681905,0.018992048176402737,0.0728705935945422
216,0.0,0.0008379671696204793,0.0008479652244483914,0.009977244268405476,0.009985568572091758,0.010007055266260343,0.02223440447701378,0.022237436128786606,0.022254325421105378,0.0352019117979709,0.035194222396019305,0.03692462457622427,0.05050533579362098,0.050501394405624074,0.07709058881156468
217,0.0,0.0029873193492430117,0.0030067048282430785,0.0063627887615482675,0.007346160265326369,0.007339007146906447,0.013476409579383139,0.013903045207395005,0.01390265579677879,0.02149406516198991,0.020757431522672593,0.022069223898102903,0.03129686976266385,0.03126039726300185,0.0795073488129457
218,0.0,0.003626150257604488,0.0036378627337070213,0.014190829072675923,0.016060313972734358,0.016172036375841845,0.03120890815110252,0.03314250637343417,0.03325742353983589,0.05030019802368846,0.05096087972733652,0.05341006330544538,0.07003669585244618,0.07150525770364269,0.1292858205726225
219,0.0,0.0074704218908192566,0.007501998970885475,0.01347110724728024,0.01940521017693502,0.019566491753000945,0.02991190133888373,0.03614957134589897,0.03635047717650407,0.048893488003844944,0.05099647819354885,0.05329118082629287,0.0663085710079048,0.07051154165548047,0.14234122353021664
220,0.0,0.008179569399262898,0.00821522638571088,0.011830795689838027,0.019124025391996986,0.01927466314349533,0.025963380741994637,0.03388205684352779,0.034088943202375516,0.04275276784836467,0.04555920356560172,0.04743784116842038,0.0570052139362391,0.06233185975099267,0.13468740174811347
221,0.0,0.0062001532548823235,0.006226483275374376,0.008734213025679451,0.014264376696848787,0.014372029392449935,0.018975240980545528,0.025201413238994608,0.025356420034720942,0.03175578809563272,0.033003306206454884,0.03451476312096052,0.042102480171940855,0.04656181696466268,0.1114953418905978
222,0.0,0.0026587272075278,0.0026690652467064283,0.004305091233273565,0.006418127024593564,0.006465003131579341,0.009232092073671387,0.011973898982891749,0.012048031570095333,0.01636080841164051,0.01567191429815611,0.016763118868043304,0.02242669038624189,0.02449457169014896,0.07956092676687519
223,0.0,0.0018838812595590726,0.0018933760368359347,0.0018990238546194005,0.004015525732126776,0.004039443806864406,0.004087810345296915,0.0054381956651765,0.0054580987970815256,0.005424179758802986,0.009249837245141824,0.009234155321865074,0.009478780357817473,0.008879293971758224,0.04728244796085528
224,0.0,0.0015411115184978952,0.00154601376886674,0.0035943385857718927,0.004362081513139798,0.004395016018144682,0.008236872077285275,0.0085087206919716,0.00852354141956067,0.011813792246949078,0.01138812274455501,0.011537567294992201,0.01347419328118499,0.013873476334844885,0.05137053249358228
225,0.0,0.007864358872688104,0.00790291396167523,0.008238439961759986,0.01666969769047191,0.016771569941822263,0.01737167013744369,0.025269347590655217,0.025410133134682888,0.0261594122651065,0.029801891731736373,0.02999332083720631,0.03045697548730758,0.0339784238764977,0.03557317616598469
226,0.0,0.001798877095313678,0.0018062309242670984,0.0028839520390095256,0.0036978152710906093,0.0037349429592644584,0.007069471680638547,0.006804783185153498,0.006804538309235212,0.01085474259301829,0.014669041649549665,0.014677421442476498,0.015896205661468744,0.013035321821631047,0.04877975149733093
227,0.0,0.007301425825161578,0.007334918152112433,0.009330448222157582,0.015975108012645855,0.016092408016368492,0.019720156105749755,0.025587622231932127,0.02572940665994715,0.0307120765082343,0.023715366127728742,0.024422595730223096,0.029789664159203158,0.03397530958803707,0.03790310058719614
228,0.0,0.005874995123498983,0.00590134273834779,0.008628991028158386,0.012370550214187115,0.012464809528666439,0.01775298785290048,0.01969056290296782,0.019766097930284124,0.027992275570102625,0.026296549960561248,0.026770753983818885,0.03320769897762655,0.031778807578935496,0.033758923478469115
229,0.0,0.008550949399037888,0.008592130511922208,0.011231615854769438,0.018341666663703706,0.01847727610779261,0.022948476471928835,0.028371813016877096,0.028524146185374705,0.03608560545685266,0.027220430450901494,0.028273458870956922,0.036968769459211216,0.03807240724735678,0.0422584661046908
230,0.0,0.001145934511902702,0.0011573330433338547,0.006027984469937972,0.006866554302244166,0.006864748374864466,0.013054605279225723,0.014546168596411226,0.014549618405309295,0.024275649285468413,0.048131024798176054,0.04819402322504348,0.05207500456250588,0.045427635932540816,0.04772133878461505
231,0.0,0.0029184489222850996,0.0029297673323345425,0.008641989855132025,0.009433271858710396,0.009484958012511107,0.017172659978809113,0.017132483637060162,0.017158943066375013,0.029578297100458763,0.047285603528768774,0.04767461537150765,0.05472282878472917,0.050918134553657936,0.05557604705349127
232,0.0,0.017570459797061844,0.01766450948269063,0.017869344835976724,0.037368756979448386,0.037595875364033096,0.038033156723605833,0.06130571767400139,0.06168045874602808,0.061650579770196966,0.10803016699830952,0.10828557752163268,0.10830571548545781,0.11095337439781504,0.1402679920206723
233,0.0,0.02114899906284151,0.021259729314463648,0.02127690074146062,0.04414257041141897,0.04437739438994896,0.04437021899873918,0.07084702699211226,0.07123773800970767,0.07127304238905845,0.12524089182692863,0.12536486961266427,0.12540292477736487,0.12844893615288683,0.1523727441177386
234,0.0,0.02704083375040711,0.02717255761585601,0.027286837417105504,0.0571495303497829,0.05745400265831164,0.057732999034224304,0.09226910048162759,0.09277809155377481,0.09285671366467205,0.15150764275925305,0.15186619769203072,0.1519802777953192,0.1566858900589317,0.18456622951630783
235,0.0,0.028818045784605895,0.028946868397647384,0.029624765074440264,0.06094549216734771,0.061273318295345394,0.06258564520823622,0.09786675965736655,0.09839181005034807,0.09946817141154525,0.15422131244791573,0.15487511808257953,0.1558528270128719,0.16228008415646075,0.19242799565000113
236,0.0,0.03239770689625687,0.03253030513513885,0.03360218328938588,0.0687005706653807,0.06905189426584885,0.07103150420963245,0.11050782068945576,0.11107153962149825,0.11304650945715938,0.1603642480636675,0.16120906340472912,0.16304622933332794,0.17040808854204836,0.19659319027570815
